NODE_46441_length_3061_cov_6.853959:71-189(+)
NODE_11591_length_7427_cov_12.523196:6601-6672(+)
NODE_11795_length_7344_cov_10.396488:4524-4696(+)
NODE_11833_length_7330_cov_16.276838:78-302(-)
NODE_1390_length_20559_cov_12.389387:10379-10633(+)
NODE_15813_length_6195_cov_9.072638:5913-5974(-)
NODE_16713_length_5991_cov_92.472709:4976-5172(+)
NODE_18535_length_5625_cov_12.320467:39-185(+)
NODE_19492_length_5461_cov_6.106363:5027-5099(-)
NODE_2330_length_16536_cov_7.076270:4888-4993(-)
NODE_2498_length_16043_cov_18.052039:479-677(-)
NODE_25498_length_4609_cov_83.316425:401-597(+)
NODE_351_length_33776_cov_7.705228:11211-11283(-)
NODE_40053_length_3398_cov_6.114568:3180-3318(+)
NODE_4786_length_11865_cov_24.978662:73-144(-)
NODE_5069_length_11548_cov_8.891760:5017-5166(-)
NODE_73_length_56844_cov_6.221187:36328-36524(+)
NODE_747_length_26314_cov_4.921513:8565-8618(+)
NODE_8247_length_8978_cov_54.048975:7987-8054(+)
NODE_18535_length_5625_cov_12.320467:39-185(+)
NODE_10033_length_8069_cov_30.712254:6822-7055(-)
NODE_12124_length_7223_cov_17.379464:4740-4944(-)
NODE_12252_length_7178_cov_11.524498:2599-2908(+)
NODE_12480_length_7111_cov_16.551729:5910-6196(+)
NODE_15380_length_6301_cov_100.797150:42-351(+)
NODE_156_length_44105_cov_21.985380:36613-36879(-)
NODE_16949_length_5934_cov_11.773431:1223-1498(+)
NODE_17922_length_5737_cov_7.688314:2087-2299(+)
NODE_18674_length_5598_cov_34.015876:3663-4010(+)
NODE_1982_length_17691_cov_4.683772:11161-11368(+)
NODE_279_length_36402_cov_8.572289:35156-35418(-)
NODE_3245_length_14278_cov_7.861703:1325-1542(+)
NODE_3297_length_14178_cov_5.473129:3988-4301(+)
NODE_36425_length_3631_cov_12.928971:217-447(-)
NODE_38668_length_3482_cov_19.046396:3305-3438(-)
NODE_7459_length_9474_cov_5.025268:7220-7556(+)
NODE_7650_length_9347_cov_7.696513:6730-6979(+)
NODE_10090_length_8038_cov_10.486910:3040-3469(-)
NODE_1136_length_22226_cov_133.442154:9217-9639(+)
NODE_11874_length_7319_cov_29.224670:286-670(-)
NODE_13515_length_6782_cov_8.295228:4421-4901(-)
NODE_1442_length_20222_cov_21.814499:16646-17048(-)
NODE_16080_length_6138_cov_8.666119:5622-5999(+)
NODE_1721_length_18821_cov_7.058350:79-486(-)
NODE_17920_length_5737_cov_14.173530:173-511(-)
NODE_18845_length_5568_cov_6.504807:646-1004(-)
NODE_22597_length_4980_cov_4.743350:3812-4068(-)
NODE_22614_length_4978_cov_9.854357:676-1052(-)
NODE_27164_length_4424_cov_4.890135:789-1164(+)
NODE_27786_length_4358_cov_34.735533:1562-1896(+)
NODE_27909_length_4346_cov_4.776975:1852-2206(+)
NODE_32783_length_3905_cov_6.641039:2812-3156(+)
NODE_38474_length_3494_cov_10.161384:182-541(+)
NODE_40431_length_3375_cov_4.201205:1422-1881(+)
NODE_413_length_32272_cov_10.562560:28602-28918(-)
NODE_44681_length_3145_cov_16.111650:1495-1852(+)
NODE_46048_length_3079_cov_34.214286:511-946(+)
NODE_5097_length_11517_cov_4.325510:8972-9345(+)
NODE_5170_length_11450_cov_5.810268:7712-7964(-)
NODE_5430_length_11161_cov_7.537277:7816-8154(-)
NODE_5500_length_11108_cov_9.134443:10453-10810(+)
NODE_631_length_27950_cov_9.696935:21351-21746(+)
NODE_20039_length_5369_cov_9.377493:156-231(-)
NODE_192_length_40515_cov_23.159268:39913-40072(+)
NODE_8822_length_8658_cov_22.718587:5368-5710(+)
NODE_194_length_40453_cov_228.227957:2906-3152(+)
NODE_194_length_40453_cov_228.227957:2993-3222(-)
NODE_663_length_27495_cov_8.626786:17529-17790(+)
NODE_156_length_44105_cov_21.985380:36613-36879(-)
NODE_279_length_36402_cov_8.572289:35156-35418(-)
NODE_1149_length_22132_cov_6.906690:20464-20618(-)
NODE_156_length_44105_cov_21.985380:36613-36879(-)
NODE_279_length_36402_cov_8.572289:35156-35418(-)
NODE_38668_length_3482_cov_19.046396:3305-3438(-)
NODE_890_length_24641_cov_7.636134:246-650(+)
NODE_15670_length_6229_cov_8.391642:3011-3277(-)
NODE_577_length_28780_cov_7.741584:23616-23968(+)
NODE_12363_length_7142_cov_6.871596:3837-4149(-)
NODE_23045_length_4918_cov_4.927617:4332-4719(+)
